% -------------------------------------------------------------------
%  Generated by MATLAB on 29-Mar-2022 16:27:04
%  MATLAB version: 9.10.0.1739362 (R2021a) Update 5
% -------------------------------------------------------------------
                                                          
function X = controllerConstants_StairAscent()
X = struct;
X.knee = ...
  [83.948159526147236 82.279861204627935 76.642628529295877 69.083805299904554 ...
   48.877092128310785 69.736364032240459 78.6525766044622 84.1343648093958 ...
   88.193748574603617;
   31.856058147664019 29.498370317963296 28.76938052033843 26.891544308164349 ...
   18.820703474026303 20.26673484080948 20.961689003742638 24.403503254701032 ...
   27.136319645670707;
   -9.1064617097567488 -6.740459767328276 -4.7662645529495968 -2.8932258855949962 ...
   15.632912259877934 23.086388248197235 27.667435320689346 29.00809821533343 ...
   27.544728696027867;
   6.2079664530243761 5.0522237893834081 4.1303487211217194 4.6827011056603132 ...
   -3.3633248453505189 3.0984767877201342 2.3804844499114557 1.5964686468209763 ...
   0.59660967879541882;
   9.9123781831111835 9.9583120264486755 10.498830094277229 11.108343796050214 ...
   14.896552506142928 11.48292595749955 7.9447542970712854 5.0079430369347 ...
   4.3061505758016434;
   -0.81392057009774932 -1.3887937565834563 -1.662022559681936 -1.2468430206633099 ...
   -3.2331440358888 0.66199541187514976 0.65744135709819163 0.10201902081944227 ...
   -0.037224556241112185;
   5.9243869581372568 5.5833997135936153 5.3514903837169925 6.2869758381678187 ...
   4.3332737129485892 -1.0202221611828144 -0.95085276119626749 0.57024663902044925 ...
   2.2582999448906329;
   -1.6257142769176089 -1.7109398460455694 -1.4620949667460275 -1.3081909411775257 ...
   0.62133472905051312 1.0864103922963859 0.6559719902086546 1.4489289582446458 ...
   2.3357451168062404;
   2.3120911798511488 2.136713399867904 2.2634305961404468 2.9048792034069617 ...
   3.9680692825515416 2.7571062349082855 4.3637583811364795 3.1064472129225837 ...
   2.3430304395536821;
   -0.21234350580378855 -0.41032357610719167 -0.39163278753647424 -0.21079922337644169 ...
   -0.44190402546613133 -0.93121500197433538 -0.53825421753406311 -0.79378668783872774 ...
   -1.1667941037456993;
   0.97945177570999609 1.1698482811475961 1.4222785897001355 1.6430563920297296 ...
   3.9165928765275249 2.321240181633085 0.816978304469155 0.66631376278289767 ...
   1.4261350102917443;
   0.013023233170317308 -0.21735529989582583 -0.27284924995319459 0.0059869437638727461 ...
   0.00044627882906505433 0.57607637905445364 1.0696950747207468 0.95869181591842179 ...
   0.80579411603920181;
   1.3065829671717542 1.3140533251007394 1.4312920809069392 1.568313175224503 ...
   1.6703845203311032 0.19868788042847318 0.54283953064628832 0.17715254527272506 ...
   0.44980829630050273;
   -0.25598156677610961 -0.34851484665225335 -0.37271779089497947 -0.24396334293150246 ...
   1.0317684903827604 0.54734447486987969 -0.64003030259945881 -0.63051455556559011 ...
   -0.027171765344274242];
X.ankle = ...
  [23.977759052362011 22.715562619679385 20.974810323279534 18.128454378023115 ...
   7.2294882994640934 11.872548215733444 11.358513325406912 11.152980745153677 ...
   9.9365185409031973;
   1.6669653436031577 1.7866867069864107 1.1989419462843602 0.65784286419425309 ...
   -7.0377960861865194 -5.8243473354578432 -5.3560263460957538 -1.0939364859606748 ...
   1.3981789584314053;
   -11.058380222378723 -9.9609756578973858 -8.89318582695288 -7.1772440792541294 ...
   -3.6857856593862279 15.442723018068566 17.306414458529606 20.467734239463422 ...
   23.150225534921162;
   3.756191461287298 3.7195221780982197 3.3954117315030814 3.0404875949240022 ...
   3.0058451655249665 1.8407840633449204 2.7894679688270636 0.56237552296432147 ...
   -1.1968651867722926;
   -1.5794448984299976 -1.2809439841082384 -1.1713226981104612 -1.3959471150169713 ...
   -3.75385189183735 -0.53334484001883875 -3.297792854981902 -6.0103068290558452 ...
   -6.4113099355220537;
   2.1702665119220383 2.1110238698171728 2.1713537266376792 2.9033029626608884 ...
   3.2842138837601378 1.620847717043717 0.45743582933564614 0.3731239199709403 ...
   0.8001946440950739;
   2.3554110239648676 2.6910068180541793 2.7236069311782711 1.8863237966117785 ...
   2.0140549398508858 -2.9924204467194673 -1.432811083720154 0.91442856514988424 ...
   1.7683822908668738;
   -0.57981320526573754 -0.48151829259750417 -0.49372817646186451 0.4454075198378471 ...
   -0.25394162119641722 0.30273802199804944 0.38364352786803568 1.2838771643762608 ...
   1.275643032318269;
   1.3722071134031042 1.5194730970000103 1.7449122792078227 1.8612839133623451 ...
   1.4249653524188497 2.3316144398477769 2.4953344719658603 0.51667276164813647 ...
   -0.46483459123230148;
   -0.11107937514069779 -0.15638769225619584 -0.31160400307538588 -0.14550415777232775 ...
   0.20368508867240739 -0.076205864338217022 -0.062465492980087092 -0.915559124539877 ...
   -0.91076454462056844;
   -0.054833797709003387 0.20575401392826273 0.17469333366936074 0.40445710123784329 ...
   -0.56919370037711836 -0.15265119029091 -1.3880124332228245 -0.10814576675292933 ...
   0.697090036394552;
   0.24597421612965026 0.22376551396570363 0.3022850238101526 0.12858698265348098 ...
   0.77183245370544551 0.64936474045885539 0.73612858524358138 1.2328246290445959 ...
   1.03311050282226;
   0.0243559553397489 0.16054708864049422 0.041778079592410922 -0.052911032013800596 ...
   0.019889631653077011 -0.49440143829540273 0.76637788954448116 -0.21367091815785202 ...
   -0.7153502300696607;
   0.20986861081196589 0.16525640557421534 0.25179824905534004 0.193566291479554 ...
   -0.047927865189999065 0.29393102140265726 -0.20938872629789373 -0.81765027388484135 ...
   -0.25261754365946743];
X.thigh = struct;
X.thigh.maxima = [51.428747819686791 49.025030912863535 46.044128016219233 ...
                  43.157449797091722 26.294196645422609 25.496992595570472 ...
                  26.190282494809843 27.637616655006713 27.9045964352349 ...
                  ];
X.thigh.minima = [-8.4071846005369135 -7.4215743883501117 -8.8491226654921711 ...
                  -9.37730585973154 -17.396873730996127 -1.317093031543624 ...
                  1.3336183071588363 3.4717198358120798 4.6653793141442952 ...
                  ];
X.thigh.c = [0.610738255033557 0.610738255033557 0.610738255033557 0.6174496644295302 ...
             0.67114093959731547 0.65100671140939592 0.6174496644295302 ...
             0.610738255033557 0.6174496644295302];
X.inclines = [35 30 25 20 0 -20 -25 -30 -35];

end